"pl/qrpglesrc/testsqlerr.sqlrpgle.pgm" = 2023-12-12T07:02:08.037231
"pl/qrpglesrc/test.rpgle.pgm" = 2023-11-10T15:21:59.544885
"pl/qrpglesrc/errhdlsqlp.sqlrpgle.pgm" = 2023-12-04T08:37:24.614907
"pl/qrpglesrc/§test1.rpgle.pgm" = 2023-08-28T18:53:16.531746
"pl/qrpglesrc/$t§§x#y.rpgle.pgm" = 2024-01-18T15:14:41.895147
"pl/qrpglesrc/testlog2.sqlrpgle.pgm" = 2023-07-27T17:54:11.783394
"pl/qrpglesrc/$test11.rpgle.pgm" = 2023-11-10T16:26:02.352104
"pl/qrpglesrc/errhdlsql.sqlrpgle.srvpgm" = 2023-12-01T12:17:25.871773
#"pl/qrpglesrc/testlog.rpgle.pgm" = 2023-08-21T10:47:06.404812
"pl/qrpglesrc/#test2.rpgle.pgm" = 2023-07-27T17:54:11.783394
"pl/qrpglesrc/#test3.rpgle.pgm" = 2023-07-27T17:54:11.783394
#"pl/qrpglesrc/logger.sqlrpgle.srvpgm" = 2023-12-01T12:08:08.569156
"pl/qrpglesrc/testmod.rpgle.srvpgm" = 2023-11-15T12:43:05.085893
"pl/qrpglesrc/errhdlrpg.rpgle.srvpgm" = 2023-11-10T18:37:12.797503
"pl/qrpglesrc/cpysrc2ifs.sqlrpgle.pgm" = 2023-07-27T17:54:11.783394
"pl/qrpglesrc/date.sqlrpgle.srvpgm" = 2023-11-10T18:36:57.464111
"pl/qsqlsrc/lager_hist.sqltable.file" = 2023-11-30T11:20:00.626298
"pl/qsqlsrc/lager.sqltable.file" = 2024-01-17T20:59:42.316414
"pl/qsqlsrc/logger.sqltable.file" = 2024-01-18T15:00:42.730504
"pl/qcllesrc/testcl.clle.pgm" = 2023-11-10T16:22:40.098538
"pl/qddssrc/file1.pf.file" = 2022-07-27T17:54:11.783394 # changed
"pl2/qrpglesrc/test.rpgle.pgm" = 2023-11-10T17:53:04.072638
"pl2/qrpglesrc/test1.rpgle.pgm" = 2023-08-23T15:46:33.293798
"pl2/qrpglesrc/sqlsrv1.sqlrpgle.srvpgm" = 2023-11-10T17:55:36.143160
"pl2/qrpglesrc/sqltest2.sqlrpgle.pgm" = 2023-08-29T08:20:37.396695
"pl2/qrpglesrc/sqltest3.rpgle.srvpgm" = 2023-08-29T08:20:37.396695
"pl2/qrpglesrc/sqltest1.sqlrpgle.pgm" = 2023-08-29T08:20:37.396695
