"prouzalib/qrpglesrc/testsqlerr.sqlrpgle.pgm" = 2023-12-12T07:02:08.037231
"prouzalib/qrpglesrc/test.rpgle.pgm" = 2023-11-10T15:21:59.544885
"prouzalib/qrpglesrc/errhdlsqlp.sqlrpgle.pgm" = 2023-12-04T08:37:24.614907
"prouzalib/qrpglesrc/§test1.rpgle.pgm" = 2023-08-28T18:53:16.531746
"prouzalib/qrpglesrc/$t§§x#y.rpgle.pgm" = 2024-01-18T15:14:41.895147
"prouzalib/qrpglesrc/testlog2.sqlrpgle.pgm" = 2023-07-27T17:54:11.783394
"prouzalib/qrpglesrc/$test11.rpgle.pgm" = 2023-11-10T16:26:02.352104
"prouzalib/qrpglesrc/errhdlsql.sqlrpgle.srvpgm" = 2023-12-01T12:17:25.871773
#"prouzalib/qrpglesrc/testlog.rpgle.pgm" = 2023-08-21T10:47:06.404812
"prouzalib/qrpglesrc/#test2.rpgle.pgm" = 2023-07-27T17:54:11.783394
"prouzalib/qrpglesrc/#test3.rpgle.pgm" = 2023-07-27T17:54:11.783394
#"prouzalib/qrpglesrc/logger.sqlrpgle.srvpgm" = 2023-12-01T12:08:08.569156
"prouzalib/qrpglesrc/testmod.rpgle.srvpgm" = 2023-11-15T12:43:05.085893
"prouzalib/qrpglesrc/errhdlrpg.rpgle.srvpgm" = 2023-11-10T18:37:12.797503
"prouzalib/qrpglesrc/cpysrc2ifs.sqlrpgle.pgm" = 2023-07-27T17:54:11.783394
"prouzalib/qrpglesrc/date.sqlrpgle.srvpgm" = 2023-11-10T18:36:57.464111
"prouzalib/qsqlsrc/lager_hist.sqltable.file" = 2023-11-30T11:20:00.626298
"prouzalib/qsqlsrc/lager.sqltable.file" = 2024-01-17T20:59:42.316414
"prouzalib/qsqlsrc/logger.sqltable.file" = 2024-01-18T15:00:42.730504
"prouzalib/qcllesrc/testcl.clle.pgm" = 2023-11-10T16:22:40.098538
"prouzalib/qddssrc/file1.pf.file" = 2022-07-27T17:54:11.783394 # changed
"prouzalib2/qrpglesrc/test.rpgle.pgm" = 2023-11-10T17:53:04.072638
"prouzalib2/qrpglesrc/test1.rpgle.pgm" = 2023-08-23T15:46:33.293798
"prouzalib2/qrpglesrc/sqlsrv1.sqlrpgle.srvpgm" = 2023-11-10T17:55:36.143160
"prouzalib2/qrpglesrc/sqltest2.sqlrpgle.pgm" = 2023-08-29T08:20:37.396695
"prouzalib2/qrpglesrc/sqltest3.rpgle.srvpgm" = 2023-08-29T08:20:37.396695
"prouzalib2/qrpglesrc/sqltest1.sqlrpgle.pgm" = 2023-08-29T08:20:37.396695
